
10001100000000010000000000000000
10001100000001000000000000000001
10000000000000000000000000000000
00000000000000000001000000100000   
00000000001000000001100000100000
00010000100000010000000000001110
10000000000000000000000000000000
10000000000000000000000000000000
10000000000000000000000000000000
00010000100000000000000000001111
10000000000000000000000000000000
10000000000000000000000000000000
10000000000000000000000000000000
00000000010000110001100000100000
00000000011000000001000000100000
00000000100000010010000000100010
00010000000000001111111111110100
10000000000000000000000000000000
10000000000000000000000000000000
10000000000000000000000000000000
00000000011000000010100000100000
00010000000000000000000000001000
10000000000000000000000000000000
10000000000000000000000000000000
10000000000000000000000000000000
00000000010000000010100000100000
00010000000000000000000000000011
10000000000000000000000000000000
10000000000000000000000000000000
10000000000000000000000000000000
10101100000001010000000000000010
10000000000000000000000000000000
10000000000000000000000000000000
10000000000000000000000000000000
10000000000000000000000000000000
10000000000000000000000000000000
